i1:
  j_xyz: 0.0 0.0 1.0
  j_rpy: 0.0 -0.0 0.0
  l_xyz: 0.0 0 0
  l_rpy: 0 0 0
  l_len: 1.0
i2:
  j_xyz: 0.0 -0.999999682932 0.000796326710733
  j_rpy: 0.785398004863 -1.5696701507 0.785398004863
  l_xyz: 0.0 0 0
  l_rpy: 0 0 0 
  l_len: 1.0
i3:
  j_xyz: 0.0 -0.999999682932 0.000796326710733
  j_rpy: 0.785398004863 -1.5696701507 0.785398004863
  l_xyz: 0.0 0 0
  l_rpy: 0 0 0
  l_len: 1.0
